11307
192663
11350
319713
223513
66948
56456
83766
11472
109275
11477
11479
11481
11482
11540
11555
14797
226250
236511
239528
11603
11606
11624
11632
433693
11737
11785
11787
11792
239027
213498
93760
239985
77044
56380
550619
94246
214855
71371
69090
75452
77987
66403
66929
228790
75302
75329
13498
54670
22589
20238
110616
246103
53325
12042
12043
77045
80288
71458
320376
544971
12144
625631
12151
12154
12155
12156
110075
12159
12161
12162
12189
12190
26992
114642
66653
237911
52592
93871
218490
12226
12227
57316
67488
12317
12322
12326
207565
216874
71902
67088
108723
12361
26885
12359
19285
68016
12417
12418
12419
494448
52609
30951
73739
67500
52713
240514
12428
51813
12447
66671
12454
56706
56036
12455
72949
12519
12524
71702
217946
12550
12537
69131
12566
12572
264064
107951
12576
12577
12593
53883
12616
108000
60411
71876
27221
110749
12648
244059
216848
107932
71389
320790
67772
109151
234852
211151
26371
12265
56222
234594
232791
53621
104625
58184
99311
66423
26754
12904
433375
12928
382056
70461
12952
12953
12971
105859
229663
67087
12388
18163
231162
13134
93837
13163
74106
13176
53975
13207
71990
54006
21945
67379
110052
110524
13405
83945
23950
13430
13433
54427
99480
29861
19708
70127
13486
13490
14357
13544
13549
74427
70601
13607
245527
214764
13626
77627
77683
58521
386655
434156
66341
15569
13716
192657
269344
67923
66126
58523
74195
77766
54351
233545
13805
223527
13831
227867
13856
111173
13871
13872
319955
71991
13874
78943
26918
66580
14048
14049
14050
14051
14055
14062
11770
76267
67544
14165
14173
14200
57756
14248
192176
320365
72313
14313
14362
14629
12165
242316
238057
14573
14601
69367
100043714
100039786
667035
23885
229004
56310
14810
71828
74197
68153
66467
56541
107435
15126
67933
170787
232232
15183
208727
15184
15185
56233
70315
79221
15201
229003
192231
71059
319594
215114
15257
15258
15259
15368
11991
50926
232989
68196
53415
72459
15194
15894
57295
15902
15904
15976
15977
15978
387510
16000
16002
20589
209268
16147
230233
16150
16151
16153
16156
16170
16171
257630
16176
16183
50929
218624
16189
16191
16193
16194
26356
69260
71777
28019
66262
16323
16334
16337
16179
65099
108960
73914
272359
270110
67733
269424
16452
108829
107817
57748
77532
14534
81601
244349
67773
16510
16511
16512
380728
238271
192775
170738
56461
225876
30841
277250
230674
193796
76804
244694
50868
20218
170771
13992
244923
231051
381022
67956
225888
232811
16653
214669
237339
71835
77889
209707
16825
16826
235497
16878
29806
83557
380669
231506
30937
109593
100041034
231798
72416
238455
68877
94275
240354
103806
270118
433586
333639
74490
26395
26397
26401
71751
26413
332110
100732
17191
17192
73503
103537
17216
17215
17217
17218
17219
17220
66634
68995
16543
17246
17248
70088
216154
108098
70208
75613
68975
66999
67224
17283
64144
70122
246198
72199
17420
21761
56397
17454
73247
17700
67154
545725
74238
17859
18432
56309
105689
17920
214384
320713
74838
66897
17936
17937
66830
67991
67563
17977
17978
17979
27057
228869
56406
211329
20602
17984
67184
17999
18002
24116
58202
57314
27632
18007
74039
18020
18035
18036
80859
65102
268857
216799
64685
67824
257632
18119
53610
18148
641340
211323
268903
60345
18193
234135
66647
18205
27275
18226
18393
18413
18602
54624
547253
269224
114774
66923
229534
13180
72562
69837
69587
76073
18569
18584
218461
54132
18626
18627
18628
56273
56612
18643
12034
72057
268448
74016
70998
56469
17344
229615
59004
18712
69656
18767
18769
18778
53317
67037
18949
108767
140484
71592
229584
20020
69920
17749
74414
70408
67486
67005
18985
56031
19042
52040
333654
100336
19052
51792
226169
54633
225518
213389
21672
11757
19084
27374
99890
214572
68879
101739
19182
19184
67151
66645
56742
96979
19226
84113
19273
67959
66824
19330
81000
19384
19416
66985
12421
19646
245688
225182
93686
229700
170791
71330
217864
214742
140743
19687
619289
68799
69159
11848
74734
104215
19763
71952
19766
192656
56532
622473
19820
50849
56736
19821
109331
233532
76246
56505
20174
56353
20193
224903
224902
269003
20220
60406
57230
50724
216161
320271
235623
22287
67815
55942
58172
170742
233904
208043
235626
73251
84505
22668
54650
353282
71514
231769
75565
20423
20439
24058
17691
20467
93759
64383
64384
75387
68346
50721
209011
30954
78473
20481
20482
77799
18173
380773
66660
93761
67155
93762
13990
54380
20587
20588
68094
83797
83796
66993
57376
66313
12180
75627
77634
56463
27681
76793
72183
20656
20410
18412
24068
100043597
67222
14105
20382
66970
72475
76900
20833
387132
387131
269209
20024
71954
24069
114741
109115
20924
72195
20937
64707
52615
27878
270627
209361
225895
63856
21357
76281
237336
21400
21401
594844
331532
66684
56070
21667
56196
21749
21750
57321
57816
224481
15278
21803
21804
21809
21812
73122
21843
106759
68140
332359
403175
21853
21885
21886
21887
21888
114606
24088
142980
21898
232286
21917
72736
21926
21937
22163
22164
21953
21958
22057
72749
106021
224619
67095
70827
66226
211770
228775
21848
69807
94093
109181
69716
56404
27223
100683
66399
22088
52808
71099
22130
74044
22158
56338
22200
22190
22196
93765
66589
20184
19777
74112
30941
216825
22339
170828
215031
73569
232334
22346
232023
28084
70160
73178
70465
230796
22408
107568
97064
14375
24128
67057
22601
208146
54401
22629
675812
76390
66136
