56321
11538
240442
11568
11569
17355
16764
93736
226747
11622
11634
100182
216285
11694
11695
107765
52231
11820
11835
232906
13496
238247
11863
11864
11865
272322
11878
17172
17173
56787
67341
192195
23808
70472
11908
11909
11910
11911
107503
226641
12915
223922
11921
53404
71093
12013
54422
104382
12022
12023
53314
74481
381319
217578
22385
116848
407823
70508
14025
58208
12051
12053
12029
72567
17341
320522
59058
140489
20893
79362
66352
12166
12173
242509
78656
78783
244813
107182
100072
50817
241066
52502
69743
12396
12398
12400
12402
12416
212139
12578
12590
12591
12592
12606
12608
12609
110794
12611
12607
76893
545975
67260
71949
241447
106143
101994
269610
71722
66935
12705
17684
68379
12753
12785
18983
69125
12912
12913
26427
208647
208677
78284
12914
232430
77128
233490
74343
12951
215418
207785
77771
13016
13017
13018
664799
12387
13047
13048
74322
13170
13172
223843
13198
102442
13390
13392
13393
13394
13395
66233
140477
50796
226049
240590
242523
242620
56296
70887
71241
23857
52838
13435
13436
66556
224170
13555
242705
13557
104394
13559
50496
52679
108961
13560
13591
13592
13593
228598
26940
59022
13653
13654
13655
13656
13661
13709
69257
13710
56501
13711
13712
13713
13714
238317
13796
13797
13798
13799
433182
13813
328572
13819
13875
13876
13982
13983
26379
26380
26381
23871
23872
14009
14008
27049
546801
18612
104156
14011
14028
14029
14030
50754
114712
260298
73191
54713
23877
14247
224613
14281
14282
14283
14284
15375
15376
15377
64290
14240
17300
14234
15229
17301
15221
14237
110805
30923
15227
14238
15228
14106
14233
270004
232077
15223
60611
230700
17425
68837
14241
26927
14235
15218
14236
71375
116810
56458
56484
54601
329934
108655
114142
20371
74123
15220
382074
436240
14239
51886
320267
14390
14391
213054
14457
14460
14461
14462
14463
14464
14465
67210
234366
229542
231044
14472
330361
14531
107889
14581
14582
14632
14633
14634
230587
83396
226075
56700
433801
433968
627624
56809
76022
73274
77110
195733
252973
230824
14836
195333
14842
14843
23894
209357
14885
14886
57080
114674
74533
15110
15111
73389
15161
15163
433759
15182
15191
245596
234219
78455
15205
15206
15207
15208
55927
84653
15209
15213
15214
56198
15242
15248
58180
15251
53417
102423
15260
110521
15273
16656
217082
20585
15284
219150
66867
15353
15361
15364
434174
97165
50887
15371
15372
15373
21405
21410
15378
30942
15384
239099
74318
15394
15395
15396
15398
15399
15400
15401
15402
15403
15404
15405
15407
15408
103889
15410
15412
15413
15414
15415
15416
15417
209448
109663
15421
15422
15423
15424
15425
15426
15429
15430
15431
15432
15433
15434
15436
15437
15438
15460
15499
15500
26386
327992
71066
15901
15903
73916
22778
22779
22780
22781
67143
67781
16201
53626
56856
16362
16363
54131
16364
27056
54139
54123
15900
16391
16371
16372
16373
50916
54352
64379
16392
104360
71597
16468
231986
81703
16476
16477
16478
217127
211468
99982
104263
214899
75605
20591
16596
21847
194655
16597
50794
619665
66277
118445
75753
16598
16599
16600
12224
23849
93691
245671
16601
214162
75410
241764
16814
16815
212391
16842
16869
16870
16871
16872
16873
16874
16875
16876
56722
109594
16909
16911
110648
16917
17095
66863
211134
98558
17132
378435
16658
17133
17134
17135
19099
17187
17188
17190
14013
17257
19014
17258
17259
17260
17261
17268
17536
17537
17285
17286
17292
17293
29808
71148
70427
218613
17342
27217
223701
239719
210719
17354
21428
208104
58805
17387
17428
15285
17450
74522
338467
75746
67871
17681
56184
17692
76467
74843
17701
17702
116870
23942
116871
17764
17765
17119
17121
17122
17863
17864
17865
17869
16918
18109
17877
17878
80732
17927
17928
232934
225908
237558
17932
17933
109889
71950
269854
20185
18012
18013
11922
18014
11924
11925
54446
18018
18019
18021
73181
18022
18023
18024
18025
18027
18029
18030
18032
18033
18034
235134
74164
100978
18044
18045
18046
18071
18072
77286
672284
20231
21869
18088
18089
228731
18091
18092
18094
18095
12020
18096
14912
18103
18291
12457
70769
18128
18129
18131
18132
384452
18142
18143
27386
225872
244879
11614
23957
217166
353187
22260
22259
20186
18171
12355
22025
22026
21907
23958
13865
11819
13864
14815
110784
15370
18227
18124
26423
26424
14536
18181
27206
18185
107823
50914
50913
94222
15379
225631
246086
18420
18423
18424
18426
107586
381867
18813
56218
18503
18504
18505
18506
18507
18508
18509
18510
18511
67367
18514
18515
18516
80720
22658
71041
18609
18616
67199
18667
18673
21652
18676
228829
68479
11859
18935
18685
68770
18740
18741
18742
18771
208076
56711
54711
18854
18736
18986
18987
18988
18991
18992
18993
18994
18996
18997
18998
18999
75507
19009
218030
19013
19015
19016
12142
382066
381359
230025
383491
114604
70673
110593
72843
70779
77630
50907
19090
19127
19130
18933
20204
19183
19213
30939
19290
19291
19401
218772
19411
19434
19645
57782
24105
19650
19651
19664
19668
78287
381305
319817
54720
68098
104383
19696
19697
19698
68703
19712
227656
19724
19725
19726
71137
53970
320995
319758
19727
170767
109263
67150
19822
74132
19883
225998
19885
68750
106298
213436
619287
12395
12393
12399
20181
20182
20183
58198
50524
99377
66118
20230
212712
19018
29871
107815
268297
170729
545474
20289
78891
18292
20429
20464
20465
20466
20471
20472
20473
20474
20475
20476
13487
109108
17125
17126
17127
17128
17129
17130
17131
55994
20586
20613
20583
30927
102209
227644
330959
227631
74434
20664
20665
20666
20667
20668
20669
20670
20671
20672
20674
223227
20675
214105
20677
20678
20679
20680
20681
20682
20683
434484
78912
20687
20688
64406
83395
170574
320145
30051
56381
20375
272382
20728
79401
20787
20788
20807
240690
20846
20847
20848
20849
20850
20851
20852
94186
20922
20926
20997
217031
101206
24075
66464
99730
21340
75316
319944
228980
72504
226182
102162
21343
24074
108143
407786
21349
21350
230908
21372
81004
21374
227606
21375
21380
109575
21384
76365
83993
21385
57246
57765
245572
21386
21387
21388
21389
237052
66526
21406
21407
106795
21411
21412
69852
66855
21423
21413
21414
21415
21416
277353
21676
21677
21678
21679
21685
21780
21418
21419
21420
226896
332937
83383
21422
81879
21781
211586
209446
21425
21426
54723
21815
228839
245583
73754
59016
69009
225160
21833
21834
21908
21909
27140
319832
21973
21974
269389
231712
224829
217069
19720
21849
22059
22061
22062
83925
21807
72033
14605
78829
110796
228911
243931
68842
22160
13345
170644
22221
18140
22255
22278
22282
22286
22324
22326
24113
22337
22344
21427
114889
12677
22404
22418
22431
22433
22608
53422
56449
64050
22632
213234
72114
223773
268564
229055
271377
193736
22666
235320
22642
30928
381990
56490
114565
81630
268294
109929
320633
75291
58206
56805
241311
240869
245007
320080
75580
230848
226470
71834
235132
232879
100090
75079
230119
241322
16969
22724
207259
73680
67106
474156
103284
70579
230738
547176
244871
237256
67302
75553
69082
76014
223642
78751
106205
20286
57432
78781
209032
232679
245522
67966
230594
72693
75064
142682
619605
227449
71918
67917
78796
214290
70650
69085
67197
381678
100039681
73884
71164
66220
243983
224454
108672
74168
320150
503610
245308
70546
75965
68268
238331
332175
70605
69035
72881
228136
66980
102193
27801
208884
21417
24136
66361
100494
68818
21769
22682
65098
380993
216345
11906
80892
22640
22646
20402
22648
65020
56707
57745
56314
231866
243833
22654
72465
243906
434178
77264
26465
22661
72154
67911
385674
210135
319535
193452
230162
22678
80902
22680
232784
449521
228913
69890
56525
329002
22685
59057
72720
71591
22688
26466
74120
77519
22689
57247
246196
22690
64453
208968
235469
226442
101095
192651
170740
30046
63872
193043
22693
245368
244713
57908
79233
218100
243834
54367
67230
30932
228876
329559
228807
26919
21408
27274
30944
140482
22695
230761
216049
238803
238673
12192
12193
22696
233060
269800
29813
241494
69256
272347
240476
381410
22701
52708
328801
232854
22702
67255
94187
235028
232969
240186
72667
235682
269870
78619
98403
237758
431706
238690
22704
242466
68910
195209
243963
66758
382867
218820
668501
22709
69752
269639
269401
101023
329003
72672
100515
225207
224656
66056
210172
243937
666528
619331
233887
72230
434377
240068
72556
22715
232976
101544
68490
68992
213011
233410
68040
71063
213753
67370
269023
214812
234725
327963
70227
22720
52521
78834
232816
320683
232337
18139
67778
22722
239652
52397
233905
239546
268469
319601
72020
72611
210104
72180
269704
384763
244219
319475
210503
78266
69234
71131
381549
195522
103836
242109
223669
353310
170753
68036
69020
236193
209225
245595
78251
210105
72723
68744
69228
319530
240034
233893
233890
228491
244216
243372
72306
330463
338354
654801
330301
67109
233056
244556
240064
627049
241514
74400
330502
75871
235956
622675
66983
100043757
72805
74352
244721
22746
330230
237775
619310
22750
22751
109910
22754
449000
81909
22761
22762
22763
22764
217695
218441
72008
68520
211978
319740
231125
230597
100009600
229007
22770
387609
320799
22771
22772
22773
65100
22775
74570
67235
100041581
268417
210162
72739
544922
22757
52712
93681
215693
66492
22401
320158
67178
328365
52915
68310
76007
56364
219105
100177
114602
66505
332934
574428
67187
228880
98999
70103
29805
448850
229937
22687
360216
53861
226409
22184
332221
22758
22691
269585
22697
232878
666311
432731
99334
170734
71971
71861
67538
212168
74464
69747
72580
668166
80292
195018
108946
